%YAML:1.0

#--------------------------------------------------------------------------------------------
# Camera Parameters. Adjust them!
#--------------------------------------------------------------------------------------------
Camera.type: "PinHole"

# Right Camera calibration and distortion parameters (OpenCV)
Camera.fx: 603.008197352922
Camera.fy: 603.626185715393
Camera.cx: 309.1454985750065
Camera.cy: 238.9221403976031

# distortion parameters
Camera.k1: 0.16336207016701648
Camera.k2: -0.3546193472493976
Camera.p1: 0.0013272005470347293
Camera.p2: 0.00038661327291747476

# Camera resolution
Camera.width: 640
Camera.height: 480

# Camera frames per second 
Camera.fps: 20.0

# Color order of the images (0: BGR, 1: RGB. It is ignored if images are grayscale)
Camera.RGB: 1

# Image scale, it changes the image size to be processed (<1.0: reduce, >1.0: increase)
Camera.imageScale: 1 # 0.5 #0.7071 # 1/sqrt(2)

# Close/Far threshold. Baseline times.
ThDepth: 40.0
# stereo baseline times fx
Camera.bf: 18.143917436


# Transformation from body-frame (imu) to left camera
Tbc: !!opencv-matrix
   rows: 4
   cols: 4
   dt: f
   data: [0.9998846070858902, 0.00589072582356167, 0.014002566263605928, 0.02274662139439648,
         -0.0059803988736888795, 0.9999618230051354, 0.006370821105486328, -0.004083994004594579,
         -0.01396450292730221, -0.006453826889385316, 0.9998816633864607, -0.004057315973804735,
         0.0, 0.0, 0.0, 1.0]

# Do not insert KFs when recently lost
InsertKFsWhenLost: 0

# IMU noise (Use those from VINS-mono)
IMU.NoiseGyro: 2.4544975995101663e-03 # 2.44e-4 #1e-3 # rad/s^0.5
IMU.NoiseAcc: 2.9956276517606555e-02  # 1.47e-3 #1e-2 # m/s^1.5
IMU.GyroWalk: 1.6241963675547272e-05 # rad/s^1.5
IMU.AccWalk: 7.1009229776215277e-04 # m/s^2.5
IMU.Frequency: 400

#
#IMU.NoiseGyro: 1.0e-8 # 2.44e-4 #1e-3 # rad/s^0.5
#IMU.NoiseAcc: 1.0e-8  # 1.47e-3 #1e-2 # m/s^1.5
#IMU.GyroWalk: 1.0e-8 # rad/s^1.5
#IMU.AccWalk: 1.0e-8 # m/s^2.5
#IMU.Frequency: 400

#--------------------------------------------------------------------------------------------
# ORB Parameters
#--------------------------------------------------------------------------------------------
# ORB Extractor: Number of features per image
ORBextractor.nFeatures: 1250

# ORB Extractor: Scale factor between levels in the scale pyramid 	
ORBextractor.scaleFactor: 1.2

# ORB Extractor: Number of levels in the scale pyramid	
ORBextractor.nLevels: 8

# ORB Extractor: Fast threshold
# Image is divided in a grid. At each cell FAST are extracted imposing a minimum response.
# Firstly we impose iniThFAST. If no corners are detected we impose a lower value minThFAST
# You can lower these values if your images have low contrast			
ORBextractor.iniThFAST: 20
ORBextractor.minThFAST: 5

#--------------------------------------------------------------------------------------------
# Viewer Parameters
#--------------------------------------------------------------------------------------------
Viewer.KeyFrameSize: 0.05
Viewer.KeyFrameLineWidth: 1
Viewer.GraphLineWidth: 0.9
Viewer.PointSize: 2
Viewer.CameraSize: 0.08
Viewer.CameraLineWidth: 3
Viewer.ViewpointX: 0
Viewer.ViewpointY: -0.7
Viewer.ViewpointZ: -3.5
Viewer.ViewpointF: 500
